url_path,views_total,views_unique
/NSBLab/MotionStructuralConnectivity,1,1
/NSBLab/MotionStructuralConnectivity/blob/master/README.md,1,1
/NSBLab/MotionStructuralConnectivity/issues,1,1
/NSBLab/MotionStructuralConnectivity/pulse,1,1
