url_path,views_total,views_unique
/NSBLab/TEPs-PEPs,6,5
/NSBLab/TEPs-PEPs/blob/master/Code/preProcessing/TMS_EEG_6.m,2,1
/NSBLab/TEPs-PEPs/blob/master/Code/preProcessing/TMS_EEG_7.m,2,1
/NSBLab/TEPs-PEPs/commit/c2216b11ad1e302067a730629b9c84a6cc8d0cf3,2,1
/NSBLab/TEPs-PEPs/blob/master/Code/preProcessing/source_3.m,1,1
/NSBLab/TEPs-PEPs/blob/master/Code/preProcessing/TMS_EEG_1.m,1,1
/NSBLab/TEPs-PEPs/blob/master/Code/preProcessing/TMS_EEG_2.m,1,1
/NSBLab/TEPs-PEPs/blob/master/Code/preProcessing/TMS_EEG_3.m,1,1
/NSBLab/TEPs-PEPs/blob/master/Code/preProcessing/TMS_EEG_4.m,1,1
/NSBLab/TEPs-PEPs/blob/master/Code/preProcessing/TMS_EEG_5.m,1,1
