referrer,views_total,views_unique
Google,13,2
onlinelibrary.wiley.com,5,2
figshare.com,5,2
nature.com,2,2
monash.edu,2,1
