url_path,views_total,views_unique
/BMHLab/AHBAprocessing,39,27
/BMHLab/AHBAprocessing/tree/master/code,7,5
/BMHLab/AHBAprocessing/tree/master/code/dataProcessing,6,5
/BMHLab/AHBAprocessing/tree/master,3,3
/BMHLab/AHBAprocessing/blob/master/code/dataProcessing/README_processingPipeline.txt,2,2
/BMHLab/AHBAprocessing/blob/master/code/dataProcessing/README_Reannotator.txt,2,1
/BMHLab/AHBAprocessing/blob/master/code/dataProcessing/S1_extractData.m,2,1
/BMHLab/AHBAprocessing/blob/master/code/dataProcessing/processingPipeline.m,1,1
/BMHLab/AHBAprocessing/blob/master/code/dataProcessing/runSurf2surf.sh,1,1
/BMHLab/AHBAprocessing/blob/master/code/dataProcessing/S3_samples2parcellation.m,1,1
