referrer,views_total,views_unique
Google,10,2
bmhlab.github.io,3,1
